843
541
67
237
780
936
670
618
495
182
939
629
283
267
516
915
351
865
64
280
908
809
656
422
825
268
327
612
488
255
36
120
872
901
124
547
168
153
515
284
17
571
544
710
11
910
815
923
513
823
342
829
561
729
844
376
964
212
133
459
567
504
701
378
51
444
692
826
118
537
986
378
922
908
396
285
285
561
132
700
274
600
452
67
151
393
38
318
238
398
635
227
51
977
840
407
189
260
16
151
675
248
634
451
70
147
149
270
218
72
64
131
486
293
363
896
337
536
594
145
445
525
237
687
40
32
555
443
71
95
28
889
877
342
700
933
741
642
936
663
430
465
930
46
687
32
893
992
86
524
341
929
384
760
492
4
848
775
784
388
590
281
445
75
6
416
105
498
510
350
589
130
438
836
806
233
915
238
594
923
867
633
569
798
597
644
811
50
44
929
853
631
848
696
270
870
406
571
813
314
604
797
722
676
652
545
246
596
644
643
272
605
594
474
278
71
907
817
683
641
414
891
548
893
633
45
475
52
536
828
775
224
207
315
2
258
663
510
987
685
589
946
689
844
37
599
316
697
40
328
962
561
354
667
527
196
968
523
64
311
916
635
104
126
353
277
82
750
255
978
21
539
517
671
409
827
203
547
769
585
629
550
516
53
818
576
351
428
316
969
583
656
269
473
654
388
258
118
62
41
360
662
945
658
965
318
606
155
523
660
442
95
543
75
365
426
183
367
493
879
643
699
630
159
956
714
505
63
507
787
752
227
465
72
470
60
643
76
33
922
654
957
774
918
262
451
49
731
31
189
750
143
951
703
87
859
574
965
795
201
776
233
21
758
790
650
290
680
657
510
276
870
636
949
979
924
252
615
862
84
100
554
68
951
318
50
341
144
863
850
592
888
16
984
442
262
301
104
408
589
778
876
922
947
429
821
612
83
644
31
857
364
616
361
207
537
192
37
707
901
808
166
874
16
834
122
357
941
763
157
29
211
728
914
736
548
132
661
527
539
541
121
545
55
274
746
95
929
213
751
395
676
675
349
678
83
77
450
65
724
341
795
590
477
878
496
143
589
415
257
204
636
107
845
540
612
506
186
308
577
643
826
467
411
945
726
630
156
591
331
843
76
732
940
595
439
829
599
954
722
282
692
482
206
283
879
443
560
33
84
360
557
505
716
530
710
540
190
796
698
827
517
763
287
188
333
761
474
672
202
218
508
14
115
596
264
186
913
728
43
51
585
962
412
723
288
261
431
117
84
392
320
571
694
191
485
95
657
32
332
339
980
613
823
273
408
53
87
239
551
143
552
51
542
143
49
786
712
708
883
686
718
337
349
833
682
329
795
106
3
566
49
303
30
705
617
303
670
115
259
679
417
36
2
333
706
969
90
389
879
123
663
520
46
918
55
347
273
78
277
143
650
167
423
27
585
628
52
755
489
597
59
868
181
374
172
350
913
55
677
212
540
319
81
745
423
749
914
918
408
531
841
208
746
237
595
854
13
837
985
252
304
124
229
115
511
650
895
852
86
200
550
852
917
680
709
163
35
749
127
314
176
190
993
191
44
686
657
192
459
115
880
813
140
168
966
194
743
395
586
93
861
320
900
461
923
728
798
502
868
870
268
315
92
190
392
997
167
559
991
452
399
745
2
530
982
487
3
21
736
639
299
282
514
82
812
90
775
323
779
153
173
354
133
777
859
127
159
607
641
484
547
735
701
205
478
8
699
141
386
899
203
279
480
142
414
704
724
155
934
870
217
888
916
789
78
542
540
40
294
170
167
706
960
427
88
721
746
596
20
567
338
240
533
759
72
190
670
754
634
206
593
38
198
166
116
949
24
123
75
551
443
557
719
883
254
198
156
96
565
655
32
799
791
741
35
189
262
950
572
550
185
706
709
23
868
187
529
581
412
131
350
270
326
308
555
391
528
118
956
439
839
203
771
564
206
836
94
440
952
305
149
228
483
317
468
236
235
539
689
380
24
844
257
864
433
151
600
915
918
517
318
72
704
494
187
297
582
388
477
645
393
275
717
185
669
517
597
411
803
50
630
481
970
30
217
61
928
356
45
469
724
397
875
607
523
289
176
62
157
227
147
501
228
375
842
80
305
497
340
41
975
885
363
505
132
279
627
387
468
774
815
813
413
692
258
126
742
191
205
157
594
382
658
950
172
784
883
437
972
713
857
369
931
7
172
617
186
868
490
248
308
631
710
929
919
123
5
461
219
391
567
297
239
455
905
405
113
713
891
362
976
623
522
497
397
81
472
749
612
