106
562
627
24
470
999
646
3
157
724
57
909
528
740
931
372
374
106
536
273
72
770
800
681
637
100
297
658
300
586
420
618
877
562
311
591
448
4
601
775
347
411
967
57
253
186
330
837
141
329
104
353
335
758
991
680
841
226
202
781
409
876
703
12
466
297
896
796
113
1000
144
195
337
178
712
488
83
227
864
355
743
531
88
380
1
518
31
572
661
196
619
134
808
64
204
457
674
429
570
583
164
96
361
3
984
85
262
896
945
547
578
353
657
523
914
127
574
29
399
229
60
610
222
970
586
231
169
927
707
445
174
709
469
185
298
827
104
735
631
378
71
3
575
619
358
420
751
49
98
136
251
14
639
497
489
844
96
636
725
178
165
625
659
442
251
909
835
405
906
288
662
663
772
896
159
457
544
860
294
582
610
598
892
424
587
570
960
585
182
516
120
492
779
873
264
425
230
69
161
242
139
589
926
263
690
560
865
733
931
968
950
455
396
540
617
496
232
521
528
308
956
731
265
322
675
559
975
144
453
512
404
30
208
639
87
239
459
867
323
859
824
113
568
509
524
362
877
738
998
40
785
110
5
574
585
84
309
963
410
220
74
628
768
503
456
297
765
509
477
967
508
230
484
330
34
473
234
308
398
688
744
921
992
399
965
658
531
220
953
5
361
471
151
505
512
300
1000
281
297
195
435
134
951
458
521
685
725
974
814
787
982
432
945
910
922
119
915
970
358
392
975
813
480
149
967
959
594
303
841
777
554
792
555
476
620
564
8
108
534
717
268
282
252
948
96
806
602
752
198
213
541
604
161
597
494
790
702
478
934
163
307
559
380
243
233
27
286
441
314
300
368
876
15
906
333
75
885
408
26
826
368
717
845
12
380
329
638
207
366
910
202
547
735
872
457
721
947
33
123
938
344
291
686
789
861
201
526
820
217
793
94
236
150
614
577
504
684
138
777
795
219
417
585
478
336
136
409
597
752
844
734
19
543
144
417
538
144
516
707
610
630
679
757
244
79
260
13
173
318
268
411
745
656
763
648
604
371
300
456
991
840
421
870
563
86
50
542
93
810
617
746
50
384
678
335
729
871
274
653
163
952
431
687
959
164
930
957
742
43
850
449
2
504
714
37
807
509
636
497
171
565
5
74
737
250
834
316
283
36
863
863
886
367
995
707
83
306
449
857
66
989
355
548
38
212
257
14
890
409
137
475
631
707
318
930
238
74
456
781
144
280
731
218
626
26
957
755
683
565
725
247
727
961
31
208
27
418
498
799
640
522
327
756
478
644
883
46
114
155
288
613
917
225
593
287
244
694
369
831
727
830
697
2
963
681
114
977
22
683
894
974
631
293
527
762
875
371
714
864
434
664
65
548
473
190
575
407
878
568
879
672
175
91
786
435
632
625
466
260
928
674
10
773
241
955
984
113
532
927
851
921
956
459
255
408
239
471
899
813
763
21
608
656
490
676
106
349
685
17
538
542
760
97
156
763
931
378
105
205
585
948
368
621
641
562
883
779
464
314
700
216
137
389
928
631
576
314
136
386
578
801
502
719
555
738
914
772
794
368
694
33
201
374
481
884
606
806
794
661
820
154
199
764
654
660
641
726
335
913
368
28
722
448
30
751
969
248
685
227
261
856
558
781
507
290
357
576
523
116
490
392
847
212
117
188
230
12
913
30
194
260
488
34
584
719
852
738
402
327
598
70
927
610
951
492
784
708
148
263
247
397
461
932
945
410
569
415
7
680
347
345
367
249
890
239
719
839
822
886
126
866
575
390
805
495
658
617
113
186
134
559
688
715
812
658
137
74
423
195
364
411
258
489
386
398
501
975
260
392
165
738
514
748
661
21
484
720
931
304
726
948
1
413
158
628
626
913
965
387
823
920
259
117
975
384
478
706
51
346
884
390
202
826
190
183
247
252
258
475
569
408
749
227
732
77
185
627
249
712
791
452
352
5
480
689
553
837
985
4
292
656
18
879
601
360
94
417
606
406
113
736
580
496
442
320
823
449
806
636
172
610
761
538
346
298
711
354
99
466
763
360
583
193
971
950
779
15
277
847
116
355
378
106
174
424
169
203
34
738
654
253
934
680
319
321
814
41
697
588
47
628
640
188
848
786
716
926
705
413
658
302
23
811
654
386
992
169
160
458
949
311
303
605
985
377
59
53
777
714
880
426
104
572
328
883
908
101
527
598
412
746
488
25
964
707
512
207
962
224
867
401
398
657
613
950
590
291
259
480
281
220
92
310
471
777
304
232
101
335
374
