240
330
394
186
358
291
220
149
242
21
38
110
301
353
303
249
186
277
471
484
96
207
206
301
28
14
477
152
148
428
70
492
222
290
402
110
32
237
439
346
41
185
395
221
345
200
133
221
155
390
253
232
340
280
204
166
40
78
452
19
62
85
369
346
47
369
385
101
266
4
286
340
288
487
354
73
497
479
405
41
229
262
51
1
358
222
439
184
478
57
19
101
101
198
393
288
26
429
229
146
25
283
376
434
435
339
163
288
81
321
299
451
414
277
459
179
372
216
495
192
3
493
69
293
398
267
471
431
105
280
238
14
84
66
46
196
225
92
389
215
315
288
412
153
401
222
442
302
7
346
361
113
302
488
116
100
60
180
468
130
378
450
22
219
281
6
400
18
412
157
417
154
157
14
278
471
91
386
439
167
446
293
448
89
373
60
438
285
454
67
235
114
176
235
236
325
220
463
387
83
114
101
44
476
469
53
377
357
494
101
24
461
95
22
154
201
139
298
338
123
485
256
314
266
429
122
12
298
136
449
21
144
90
331
336
495
404
383
112
397
160
287
339
294
441
40
425
127
128
156
112
26
277
283
439
56
142
421
389
113
39
128
480
250
386
224
303
77
330
151
395
174
72
458
349
106
395
24
70
173
82
223
113
353
271
22
342
281
13
198
145
101
382
415
376
438
68
136
210
360
330
46
384
219
196
12
398
55
82
225
51
359
383
81
286
233
309
102
474
146
439
356
60
15
464
315
242
221
449
468
494
354
105
100
339
438
247
86
360
277
34
451
3
258
435
173
172
361
331
328
317
339
52
463
234
429
239
57
140
455
329
97
456
353
359
58
40
22
74
175
43
180
108
492
139
238
347
177
237
368
66
331
96
111
364
156
21
490
145
193
86
339
185
19
433
283
21
188
399
23
385
243
154
328
32
202
47
346
230
471
241
122
308
173
4
361
291
357
307
26
112
8
286
248
64
356
383
280
472
169
194
341
205
99
313
55
265
90
459
427
126
141
314
38
38
64
471
487
480
315
392
463
212
412
456
434
428
185
446
306
249
352
392
299
255
136
440
34
440
385
232
69
204
241
473
6
47
168
243
443
387
462
454
110
231
72
373
163
67
303
50
486
277
473
347
156
9
119
121
213
48
52
361
78
411
1
472
449
279
208
1
334
433
52
288
275
409
266
108
34
344
230
377
265
2
431
359
404
124
265
258
198
409
336
419
460
353
386
436
484
108
324
348
3
362
344
248
70
95
359
58
202
461
168
128
33
119
117
431
37
86
116
479
325
266
54
491
489
442
479
178
485
496
402
54
6
146
429
154
495
121
255
69
265
366
203
130
326
11
109
334
363
399
153
47
197
242
391
329
150
226
314
36
29
383
252
267
113
444
435
233
58
357
330
3
170
54
480
196
55
7
424
59
499
165
320
52
30
348
234
66
199
241
390
377
326
100
469
462
485
97
327
304
240
481
92
341
348
451
18
77
18
39
8
485
500
333
333
53
380
16
72
306
471
189
449
9
459
352
265
409
252
359
408
494
247
223
437
420
443
211
258
25
20
219
344
325
70
387
79
479
272
129
211
162
70
112
349
121
76
325
370
219
407
348
440
215
328
232
317
280
471
69
217
382
329
51
84
180
25
183
61
168
287
331
159
222
467
13
336
422
6
228
499
177
79
417
82
358
235
239
323
301
302
462
160
153
461
48
340
275
175
358
240
10
4
234
393
155
159
11
357
64
128
257
295
235
309
139
342
117
145
412
236
316
23
51
280
42
145
20
197
310
224
366
288
205
257
109
60
165
344
410
55
181
308
246
392
136
111
53
428
332
418
113
81
246
89
345
323
411
458
105
353
133
409
82
227
219
386
210
256
449
259
188
150
186
474
354
110
102
88
402
108
450
393
94
344
125
412
112
418
318
460
118
70
330
83
391
270
403
298
161
336
178
479
94
124
332
465
217
168
470
304
206
217
255
330
123
245
337
307
187
124
202
217
151
423
473
473
443
68
225
79
6
396
361
166
373
365
413
326
96
122
435
59
335
97
442
122
92
167
80
3
219
475
44
20
335
348
375
187
474
386
299
207
397
463
75
4
97
370
139
150
260
70
351
434
483
462
42
361
453
380
195
484
476
263
452
198
367
382
333
18
270
167
357
231
130
172
325
311
176
13
100
199
226
409
262
59
35
132
153
195
321
471
360
240
494
19
18
232
74
360
170
192
141
29
471
330
185
324
332
293
279
262
167
413
93
362
375
319
244
67
162
254
99
423
19
403
126
251
214
414
375
142
439
479
220
286
191
102
399
390
135
79
57
243
352
124
456
331
436
414
124
329
32
118
68
99
496
170
277
183
97
238
356
205
204
194
103
114
148
178
123
198
334
50
183
251
314
382
214
395
222
406
328
185
230
253
492
498
3
262
423
382
304
381
67
207
60
220
274
171
273
94
403
396
393
309
3
295
439
340
70
30
17
75
387
376
205
160
167
96
149
252
106
459
469
11
399
126
428
250
274
212
471
341
425
130
293
72
296
133
68
116
316
61
69
159
236
191
37
412
298
67
151
319
200
39
190
337
299
446
2
259
248
167
32
322
99
201
81
259
309
403
483
143
419
5
244
263
382
363
224
150
452
307
427
294
134
128
125
25
133
343
456
490
197
53
390
173
49
188
495
166
276
139
192
227
134
151
463
153
463
64
184
39
228
52
426
266
6
295
286
141
283
96
473
27
24
325
285
152
412
328
40
290
131
474
355
45
308
29
103
174
275
268
444
420
205
97
234
210
73
368
44
194
71
3
351
8
444
108
412
396
440
443
68
227
447
80
336
351
72
360
219
249
497
365
311
84
332
343
410
1
342
68
400
123
52
100
185
235
197
477
440
384
62
142
471
138
452
201
240
134
353
498
188
81
244
229
235
142
379
324
371
1
444
125
407
88
342
110
24
113
254
276
143
94
422
8
380
355
398
476
414
324
140
346
399
24
266
27
284
87
129
47
401
228
314
50
119
191
50
191
326
76
86
500
113
344
353
200
349
269
399
322
99
19
19
178
98
146
363
40
247
1
93
308
470
288
367
356
112
371
289
188
234
358
21
70
361
260
192
225
335
341
496
353
236
90
296
193
133
433
96
102
465
61
155
450
368
73
268
257
322
454
199
330
466
29
360
375
50
230
466
481
318
10
472
171
476
93
94
55
410
184
44
82
327
195
48
321
479
496
440
94
385
439
304
320
107
326
191
447
306
16
477
340
13
93
314
21
499
294
483
70
135
122
384
298
176
97
330
415
463
370
358
480
200
301
218
104
468
462
41
161
119
118
226
39
197
202
57
193
217
7
104
351
444
49
242
372
347
131
456
350
98
183
494
125
294
302
330
205
471
130
499
425
97
484
458
365
37
180
232
52
134
151
498
199
39
211
117
111
461
365
348
426
283
402
64
102
431
5
369
365
205
302
368
116
91
159
19
326
211
68
475
338
96
489
203
12
119
333
344
341
442
102
491
77
21
421
277
240
448
332
63
428
355
126
379
34
161
383
429
396
189
86
485
486
433
431
292
34
88
215
255
198
69
378
360
93
137
238
256
96
178
165
176
454
212
136
205
178
369
172
247
10
445
22
253
364
151
379
114
121
434
105
177
392
286
497
212
304
431
26
439
1
476
495
31
2
236
30
70
10
375
205
397
275
235
207
322
290
115
307
460
275
290
495
436
19
242
333
369
288
217
475
132
128
300
365
407
275
241
271
218
79
85
299
282
380
53
292
389
389
250
404
388
384
467
234
444
271
446
77
33
140
250
194
36
45
192
142
158
338
132
192
273
342
231
222
353
379
62
424
194
497
387
366
493
228
43
205
70
152
153
120
379
381
283
222
53
399
312
22
239
457
156
288
24
196
138
206
387
158
69
312
274
437
101
444
463
25
391
1
98
33
299
28
474
137
333
132
252
303
175
105
235
75
443
496
227
483
322
67
383
465
391
63
232
95
190
300
88
313
89
228
70
60
72
110
206
378
473
64
447
83
161
425
19
481
190
463
125
47
80
189
481
168
25
147
489
269
273
26
236
336
473
303
147
386
89
281
7
266
383
5
124
142
458
116
461
168
9
192
435
269
495
185
83
56
366
158
199
197
200
261
282
293
403
339
413
373
457
387
341
172
417
399
385
87
125
484
304
165
80
80
143
337
144
153
365
344
423
295
11
79
307
388
217
61
206
6
360
126
192
215
353
171
295
260
437
200
135
70
368
163
441
357
409
121
361
3
230
370
173
463
205
472
26
310
132
316
54
156
330
61
365
48
20
206
346
195
33
368
405
217
460
455
26
385
345
199
14
102
186
164
343
47
173
341
72
345
44
455
424
240
195
257
404
245
120
448
165
137
309
7
350
126
39
85
489
113
241
489
332
355
338
366
419
176
343
475
34
29
361
454
333
2
342
179
461
219
9
155
118
122
32
118
7
298
367
10
351
150
208
244
6
73
464
251
33
359
200
169
72
259
170
247
126
268
221
134
213
463
374
84
227
426
287
344
289
498
481
455
6
85